11.077836568159476
11.077836568159478
11.07783656815948
11.07783656815949
11.077836568159496
11.077836568159498
11.077836568159508
11.077836568159514
11.077836568159519
11.07783656815952
11.07783656815953
11.077836568159537
11.077836568159531
11.07783656815954
11.07783656815955
11.077836568159555
11.077836568159563
11.07783656815956
11.07783656815957
11.07783656815958
11.077836568159583
11.077836568159585
11.077836568159587
11.077836568159592
11.077836568159597
11.077836568159606
11.077836568159608
11.077836568159611
11.077836568159624
11.077836568159631
11.077836568159634
11.077836568159636
11.077836568159643
11.077836568159652
11.077836568159654
11.077836568159665
11.077836568159665
11.077836568159668
11.077836568159679
11.077836568159686
11.077836568159684
11.077836568159686
11.077836568159697
11.077836568159702
11.077836568159709
11.077836568159707
11.077836568159716
11.077836568159718
11.077836568159729
11.077836568159725
11.077836568159736
11.077836568159743
11.07783656815974
11.077836568159746
11.077836568159746
11.077836568159759
11.077836568159766
11.077836568159775
11.077836568159777
11.077836568159782
11.077836568159785
11.077836568159796
11.077836568159794
11.07783656815981
11.07783656815981
11.077836568159821
11.077836568159817
11.077836568159825
11.077836568159833
11.077836568159835
11.077836568159844
11.077836568159848
11.077836568159855
11.07783656815986
11.07783656815987
11.077836568159872
11.077836568159878
11.07783656815988
11.07783656815988
11.077836568159885
11.077836568159892
11.077836568159897
11.0778365681599
11.077836568159912
11.077836568159913
11.07783656815992
11.077836568159922
11.077836568159933
11.077836568159936
11.077836568159944
11.077836568159944
11.077836568159947
11.077836568159956
11.077836568159963
11.077836568159974
11.077836568159974
11.077836568159979
11.077836568159984
11.077836568159992
11.077836568159997
11.077836568159999
11.077836568159997
11.077836568160008
11.077836568160013
11.077836568160016
11.077836568160022
11.07783656816003
11.077836568160036
11.077836568160047
11.07783656816004
11.077836568160048
11.077836568160057
11.077836568160063
11.077836568160064
11.077836568160073
11.077836568160077
11.077836568160082
11.077836568160084
11.077836568160087
11.077836568160091
11.077836568160096
11.077836568160096
11.077836568160102
11.077836568160103
11.077836568160107
11.077836568160107
11.077836568160112
11.077836568160109
11.07783656816011
11.07783656816011
11.077836568160109
11.077836568160112
11.077836568160114
11.077836568160114
11.077836568160114
11.077836568160114
11.077836568160112
11.077836568160112
11.077836568160112
11.077836568160112
11.077836568160116
11.07783656816012
11.077836568160118
11.077836568160116
11.077836568160121
11.07783656816012
11.07783656816012
11.07783656816012
11.07783656816012
11.077836568160123
11.07783656816012
11.077836568160121
11.077836568160125
11.077836568160127
11.077836568160127
11.077836568160128
11.077836568160135
11.077836568160137
11.07783656816014
11.077836568160139
11.07783656816014
11.07783656816015
11.077836568160148
11.077836568160157
11.077836568160157
11.077836568160158
11.07783656816016
11.077836568160174
11.07783656816018
11.077836568160178
11.077836568160183
11.077836568160187
11.07783656816019
11.0778365681602
11.077836568160198
11.07783656816021
11.077836568160206
11.077836568160212
11.077836568160212
11.07783656816022
11.077836568160222
11.07783656816023
11.077836568160237
11.077836568160244
11.077836568160249
11.077836568160254
11.077836568160267
11.077836568160262
11.077836568160265
11.077836568160274
11.077836568160276
11.077836568160283
11.077836568160286
11.077836568160293
11.077836568160295
11.077836568160302
11.07783656816031
11.077836568160315
11.07783656816032
11.077836568160324
