1.0000000000000002
1.0000000000000004
1.0000000000000002
1.000000000000001
1.0000000000000013
1.0000000000000018
1.0000000000000016
1.000000000000002
1.000000000000002
1.0000000000000027
1.0000000000000027
1.0000000000000029
1.0000000000000036
1.0000000000000033
1.0000000000000033
1.0000000000000036
1.000000000000004
1.0000000000000042
1.0000000000000047
1.0000000000000049
1.0000000000000047
1.0000000000000049
1.000000000000005
1.000000000000005
1.0000000000000056
1.0000000000000062
1.0000000000000062
1.0000000000000064
1.0000000000000073
1.000000000000007
1.0000000000000069
1.0000000000000075
1.0000000000000078
1.0000000000000075
1.0000000000000078
1.000000000000008
1.0000000000000082
1.0000000000000082
1.0000000000000089
1.000000000000009
1.0000000000000093
1.0000000000000095
1.00000000000001
1.00000000000001
1.00000000000001
1.0000000000000102
1.0000000000000109
1.0000000000000109
1.0000000000000102
1.0000000000000109
1.000000000000011
1.0000000000000115
1.0000000000000113
1.0000000000000118
1.0000000000000118
1.0000000000000118
1.0000000000000122
1.0000000000000127
1.0000000000000122
1.0000000000000129
1.0000000000000127
1.000000000000013
1.000000000000013
1.0000000000000133
1.0000000000000135
1.000000000000014
1.0000000000000142
1.000000000000014
1.000000000000014
1.0000000000000142
1.0000000000000144
1.0000000000000147
1.0000000000000149
1.0000000000000149
1.0000000000000147
1.0000000000000153
1.0000000000000149
1.000000000000015
1.0000000000000155
1.0000000000000153
1.0000000000000153
1.0000000000000158
1.0000000000000158
1.0000000000000153
1.0000000000000155
1.0000000000000162
1.000000000000016
1.000000000000016
1.0000000000000162
1.0000000000000162
1.0000000000000164
1.0000000000000164
1.0000000000000162
1.0000000000000162
1.0000000000000167
1.0000000000000164
1.0000000000000169
1.0000000000000164
1.0000000000000167
1.0000000000000173
1.0000000000000169
1.0000000000000169
1.0000000000000173
1.0000000000000173
1.0000000000000169
1.000000000000017
1.0000000000000175
1.0000000000000175
1.000000000000018
1.000000000000017
1.0000000000000178
1.0000000000000178
1.0000000000000175
1.000000000000018
1.0000000000000175
1.0000000000000182
1.0000000000000184
1.000000000000018
1.0000000000000184
1.0000000000000184
1.000000000000018
1.0000000000000182
1.000000000000018
1.0000000000000184
1.0000000000000187
1.0000000000000187
1.0000000000000187
1.0000000000000189
1.0000000000000187
1.0000000000000189
1.0000000000000187
1.0000000000000187
1.0000000000000195
1.000000000000019
1.0000000000000193
1.0000000000000198
1.000000000000019
1.000000000000019
1.0000000000000195
1.0000000000000195
1.0000000000000198
1.0000000000000202
1.0000000000000195
1.00000000000002
1.0000000000000202
1.0000000000000198
1.0000000000000202
1.00000000000002
1.0000000000000204
1.0000000000000202
1.0000000000000204
1.0000000000000204
1.0000000000000204
1.0000000000000202
1.0000000000000209
1.0000000000000209
1.000000000000021
1.0000000000000213
1.000000000000021
1.0000000000000209
1.000000000000021
1.0000000000000213
1.0000000000000213
1.0000000000000209
1.0000000000000213
1.0000000000000215
1.0000000000000213
1.0000000000000213
1.000000000000022
1.0000000000000222
1.0000000000000222
1.0000000000000222
1.0000000000000215
1.0000000000000222
1.000000000000022
1.0000000000000224
1.0000000000000226
1.0000000000000224
1.000000000000022
1.000000000000023
1.0000000000000226
1.0000000000000226
1.0000000000000224
1.0000000000000229
1.0000000000000224
1.000000000000023
1.000000000000023
1.0000000000000233
1.0000000000000226
1.0000000000000233
1.0000000000000235
1.0000000000000235
1.0000000000000238
1.0000000000000238
1.0000000000000238
1.0000000000000238
1.0000000000000238
1.0000000000000238
1.0000000000000238
1.000000000000024
1.0000000000000244
1.0000000000000242
1.0000000000000242
1.0000000000000246
1.0000000000000244
1.0000000000000244
1.0000000000000244
1.0000000000000246
1.0000000000000249
1.0000000000000249
1.000000000000025
1.000000000000025
1.000000000000025
1.0000000000000246
1.000000000000025
1.0000000000000255
1.0000000000000253
1.000000000000025
1.0000000000000258
1.0000000000000258
1.0000000000000253
1.0000000000000253
1.0000000000000258
1.0000000000000258
1.0000000000000258
1.000000000000026
1.0000000000000262
1.0000000000000262
1.0000000000000262
1.0000000000000262
1.0000000000000264
1.0000000000000264
1.0000000000000264
1.0000000000000264
1.0000000000000262
1.0000000000000269
1.0000000000000269
1.0000000000000269
1.0000000000000269
1.0000000000000273
1.0000000000000273
1.000000000000027
1.0000000000000273
1.0000000000000269
1.000000000000027
1.0000000000000273
1.0000000000000278
1.0000000000000275
1.0000000000000278
1.000000000000028
1.0000000000000273
1.0000000000000275
1.0000000000000282
1.0000000000000282
1.000000000000028
1.000000000000028
1.0000000000000284
1.0000000000000282
1.0000000000000286
1.0000000000000289
1.0000000000000286
1.0000000000000289
1.0000000000000289
1.0000000000000293
1.0000000000000286
1.000000000000029
1.0000000000000295
1.000000000000029
1.0000000000000293
1.0000000000000298
1.0000000000000298
1.0000000000000295
1.0000000000000298
1.0000000000000293
1.0000000000000298
1.0000000000000295
1.0000000000000304
1.0000000000000304
1.0000000000000304
1.0000000000000304
1.0000000000000306
1.0000000000000306
1.0000000000000304
1.0000000000000306
1.0000000000000306
1.0000000000000304
1.0000000000000315
1.0000000000000313
1.000000000000031
1.000000000000031
1.0000000000000315
1.0000000000000318
1.0000000000000315
1.0000000000000313
1.0000000000000318
1.0000000000000322
1.0000000000000322
1.0000000000000322
1.0000000000000326
1.000000000000033
1.0000000000000326
1.0000000000000335
1.000000000000033
1.000000000000033
1.000000000000033
1.000000000000033
1.0000000000000335
1.000000000000034
1.0000000000000338
1.000000000000034
1.0000000000000338
1.0000000000000342
1.0000000000000344
1.0000000000000342
1.0000000000000349
1.0000000000000342
1.0000000000000344
1.0000000000000349
1.0000000000000353
1.0000000000000349
1.000000000000036
1.0000000000000357
1.0000000000000355
1.0000000000000362
1.0000000000000357
1.0000000000000362
1.0000000000000366
1.0000000000000366
1.0000000000000364
1.0000000000000366
1.0000000000000373
1.0000000000000366
1.0000000000000375
1.0000000000000377
1.0000000000000375
1.0000000000000382
1.000000000000038
1.0000000000000389
1.0000000000000384
1.0000000000000384
1.0000000000000389
1.0000000000000395
1.0000000000000393
1.0000000000000397
1.0000000000000397
1.0000000000000395
1.0000000000000402
1.00000000000004
1.0000000000000404
1.0000000000000406
1.0000000000000413
1.0000000000000409
1.000000000000041
1.000000000000041
1.0000000000000413
1.000000000000041
1.000000000000042
1.000000000000042
1.0000000000000422
1.0000000000000426
1.0000000000000429
1.0000000000000429
1.0000000000000435
1.0000000000000433
1.0000000000000433
1.0000000000000437
1.0000000000000437
1.000000000000044
1.0000000000000444
1.0000000000000449
1.0000000000000442
1.0000000000000449
1.0000000000000453
1.000000000000045
1.000000000000046
1.0000000000000457
1.0000000000000457
1.0000000000000462
1.0000000000000464
1.0000000000000464
1.0000000000000466
1.0000000000000475
1.0000000000000473
1.0000000000000475
1.0000000000000475
1.000000000000048
1.0000000000000486
1.0000000000000482
1.0000000000000482
1.0000000000000486
1.000000000000049
1.0000000000000486
1.0000000000000493
1.0000000000000495
1.00000000000005
1.0000000000000497
1.0000000000000495
1.0000000000000502
1.0000000000000504
1.0000000000000508
1.0000000000000506
1.0000000000000515
1.000000000000051
1.0000000000000517
1.0000000000000515
1.0000000000000515
1.0000000000000517
1.000000000000052
1.0000000000000528
1.0000000000000528
1.000000000000053
1.0000000000000533
1.0000000000000533
1.0000000000000535
1.0000000000000542
1.0000000000000542
1.0000000000000542
1.0000000000000542
1.0000000000000544
1.0000000000000548
1.0000000000000548
1.000000000000055
1.0000000000000555
1.0000000000000555
1.0000000000000557
1.0000000000000557
1.0000000000000566
1.0000000000000562
1.0000000000000566
1.000000000000057
1.0000000000000566
1.0000000000000575
1.0000000000000573
1.0000000000000575
1.0000000000000582
1.0000000000000577
1.0000000000000582
1.0000000000000582
1.0000000000000584
1.0000000000000588
1.0000000000000586
1.0000000000000586
1.0000000000000595
1.0000000000000597
1.0000000000000593
1.0000000000000595
1.0000000000000606
1.0000000000000606
1.0000000000000602
1.0000000000000608
1.000000000000061
1.000000000000061
1.0000000000000617
1.0000000000000613
1.0000000000000615
1.0000000000000622
1.0000000000000624
1.0000000000000626
1.0000000000000626
1.000000000000063
1.000000000000063
1.0000000000000633
1.0000000000000635
1.0000000000000633
1.0000000000000644
1.0000000000000644
1.0000000000000644
1.0000000000000646
1.0000000000000648
1.0000000000000646
1.000000000000065
1.0000000000000653
1.0000000000000648
1.0000000000000657
1.000000000000066
1.000000000000066
1.0000000000000664
1.0000000000000668
1.000000000000067
1.0000000000000668
1.0000000000000673
1.000000000000067
1.0000000000000677
1.000000000000067
1.000000000000068
1.0000000000000675
1.0000000000000688
1.0000000000000682
1.0000000000000686
1.0000000000000686
1.0000000000000688
1.0000000000000693
1.0000000000000695
1.000000000000069
1.0000000000000695
1.00000000000007
1.0000000000000702
1.0000000000000704
1.0000000000000706
1.0000000000000704
