0 , 0 
 1.0 , 0.0 
 0.015958198620750853 , 0.008648573653292463 

0 , 0 
 0.9999987247638309 , 0.00159701932114072 
 0.027489214315540668 , 0.014897820517788641 

0 , 0 
 0.9999948990585759 , 0.003194034569127838 
 0.03694735446428868 , 0.020023656689084037 

0 , 0 
 0.9999885228939923 , 0.004791041670818139 
 0.045320802706481735 , 0.024561629957352452 

0 , 0 
 0.9999795962863425 , 0.006388036553089187 
 0.052985029019301674 , 0.028715226781949706 

0 , 0 
 0.9999681192583934 , 0.007985015142849711 
 0.06013399910879549 , 0.032589567032283544 

0 , 0 
 0.999954091839417 , 0.00958197336704999 
 0.06688440578901005 , 0.03624789238621081 

0 , 0 
 0.9999375140651897 , 0.011178907152692251 
 0.07331333602779491 , 0.03973198005926423 

0 , 0 
 0.9999183859779928 , 0.012775812426841048 
 0.07947506952416318 , 0.043071246826425165 

0 , 0 
 0.9998967076266119 , 0.014372685116633649 
 0.0854096466830096 , 0.046287392452541286 

0 , 0 
 0.9998724790663369 , 0.015969521149290435 
 0.09114767111713998 , 0.049397002417390125 

0 , 0 
 0.9998457003589623 , 0.017566316452125266 
 0.09671319793261707 , 0.05241311322725434 

0 , 0 
 0.9998163715727862 , 0.01916306695255591 
 0.1021255685441792 , 0.05534620679642145 

0 , 0 
 0.9997844927826112 , 0.020759768578114367 
 0.10740062855477914 , 0.058204870479099384 

0 , 0 
 0.999750064069743 , 0.022356417256457317 
 0.11255156577787513 , 0.06099625123697901 

0 , 0 
 0.9997130855219911 , 0.02395300891537647 
 0.11758950450571741 , 0.06372637770386197 

0 , 0 
 0.9996735572336684 , 0.02554953948280897 
 0.1225239378353942 , 0.06640039448539803 

0 , 0 
 0.9996314793055905 , 0.027146004886847753 
 0.12736304917419197 , 0.0690227363993557 

0 , 0 
 0.9995868518450762 , 0.028742401055751984 
 0.132113955945949 , 0.07159726055258747 

0 , 0 
 0.9995396749659465 , 0.03033872391795738 
 0.13678289745007016 , 0.07412734815143712 

0 , 0 
 0.9994899487885247 , 0.03193496940208665 
 0.14137538183715773 , 0.076615984155331 

0 , 0 
 0.9994376734396362 , 0.03353113343695983 
 0.14589630263049344 , 0.07906582042569663 

0 , 0 
 0.9993828490526075 , 0.0351272119516047 
 0.1503500322068167 , 0.08147922638793742 

0 , 0 
 0.9993254757672672 , 0.036723200875267176 
 0.15474049759993957 , 0.08385833011324414 

0 , 0 
 0.9992655537299437 , 0.03831909613742164 
 0.15907124256983235 , 0.08620505195695928 

0 , 0 
 0.999203083093467 , 0.03991489366778137 
 0.16334547887734396 , 0.08852113234692187 

0 , 0 
 0.9991380640171663 , 0.041510589396308924 
 0.16756612898604664 , 0.09080815492573184 

0 , 0 
 0.9990704966668712 , 0.04310617925322647 
 0.17173586188989454 , 0.09306756596754168 

0 , 0 
 0.9990003812149103 , 0.04470165916902622 
 0.17585712337996204 , 0.0953006907811015 

0 , 0 
 0.9989277178401113 , 0.04629702507448079 
 0.17993216177587165 , 0.09750874765488839 

0 , 0 
 0.9988525067277998 , 0.047892272900653544 
 0.18396304993039153 , 0.09969285978247665 

0 , 0 
 0.9987747480697998 , 0.049487398578909055 
 0.1879517041500608 , 0.1018540655165471 

0 , 0 
 0.9986944420644328 , 0.0510823980409234 
 0.19189990054713865 , 0.10399332723080035 

0 , 0 
 0.9986115889165168 , 0.052677267218694555 
 0.19580928923903101 , 0.10611153901530918 

0 , 0 
 0.9985261888373664 , 0.05427200204455282 
 0.19968140673364237 , 0.1082095333887322 

0 , 0 
 0.9984382420447925 , 0.055866598451171125 
 0.20351768677771728 , 0.11028808717754408 

0 , 0 
 0.9983477487631006 , 0.057461052371575436 
 0.2073194698963815 , 0.11234792668596091 

0 , 0 
 0.9982547092230915 , 0.05905535973915514 
 0.2110880118129474 , 0.11438973225902445 

0 , 0 
 0.9981591236620599 , 0.060649516487673416 
 0.21482449090646918 , 0.11641414232419467 

0 , 0 
 0.9980609923237942 , 0.06224351855127754 
 0.21853001483890802 , 0.11842175698291228 

0 , 0 
 0.9979603154585756 , 0.06383736186450938 
 0.22220562646284703 , 0.12041314121225538 

0 , 0 
 0.9978570933231776 , 0.0654310423623156 
 0.2258523091035266 , 0.1223888277275088 

0 , 0 
 0.9977513261808656 , 0.06702455598005824 
 0.2294709912948038 , 0.12434931954878747 

0 , 0 
 0.9976430143013956 , 0.06861789865352486 
 0.23306255103689194 , 0.12629509230848918 

0 , 0 
 0.9975321579610141 , 0.07021106631893903 
 0.23662781963395488 , 0.12822659633104885 

0 , 0 
 0.9974187574424571 , 0.07180405491297072 
 0.24016758516143888 , 0.13014425851203007 

0 , 0 
 0.9973028130349495 , 0.07339686037274658 
 0.24368259560614963 , 0.13204848401985997 

0 , 0 
 0.9971843250342044 , 0.07498947863586032 
 0.2471735617162718 , 0.13393965784036813 

0 , 0 
 0.9970632937424221 , 0.07658190564038315 
 0.25064115959361727 , 0.1358181461816262 

0 , 0 
 0.9969397194682895 , 0.07817413732487405 
 0.2540860330562055 , 0.1376842977543188 

0 , 0 
 0.9968136025269794 , 0.07976616962839009 
 0.25750879579571395 , 0.13953844494094467 

0 , 0 
 0.9966849432401497 , 0.08135799849049698 
 0.26091003335128693 , 0.14138090486549268 

0 , 0 
 0.996553741935942 , 0.08294961985127922 
 0.2642903049185677 , 0.14321198037381763 

0 , 0 
 0.9964199989489821 , 0.08454102965135055 
 0.26765014501056167 , 0.1450319609337154 

0 , 0 
 0.9962837146203775 , 0.0861322238318643 
 0.27099006498498784 , 0.1468411234626415 

0 , 0 
 0.9961448892977175 , 0.08772319833452373 
 0.274310554451086 , 0.14863973309010053 

0 , 0 
 0.9960035233350725 , 0.08931394910159236 
 0.27761208256737774 , 0.15042804386093783 

0 , 0 
 0.9958596170929922 , 0.09090447207590441 
 0.28089509924059936 , 0.15220629938507124 

0 , 0 
 0.9957131709385058 , 0.09249476320087499 
 0.28416003623490965 , 0.15397473343859605 

0 , 0 
 0.99556418524512 , 0.09408481842051059 
 0.28740730819949434 , 0.15573357052066453 

0 , 0 
 0.9954126603928186 , 0.09567463367941934 
 0.29063731362183226 , 0.15748302637007816 

0 , 0 
 0.9952585967680618 , 0.09726420492282142 
 0.29385043571313235 , 0.15922330844511906 

0 , 0 
 0.9951019947637844 , 0.09885352809655933 
 0.29704704323178543 , 0.16095461636978844 

0 , 0 
 0.9949428547793955 , 0.10044259914710829 
 0.30022749125008485 , 0.16267714234929925 

0 , 0 
 0.9947811772207773 , 0.10203141402158654 
 0.30339212186895176 , 0.16439107155738933 

0 , 0 
 0.994616962500284 , 0.10361996866776567 
 0.30654126488493616 , 0.16609658249777073 

0 , 0 
 0.9944502110367405 , 0.10520825903408103 
 0.3096752384133577 , 0.1677938473418077 

0 , 0 
 0.9942809232554419 , 0.10679628106964197 
 0.31279434947108076 , 0.1694830322443183 

0 , 0 
 0.9941090995881521 , 0.10838403072424217 
 0.31589889452209496 , 0.17116429763921848 

0 , 0 
 0.9939347404731025 , 0.10997150394837012 
 0.3189891599887815 , 0.17283779851656814 

0 , 0 
 0.9937578463549912 , 0.11155869669321924 
 0.322065422731481 , 0.17450368468243815 

0 , 0 
 0.9935784176849818 , 0.11314560491069835 
 0.3251279504987495 , 0.17616210100289165 

0 , 0 
 0.9933964549207022 , 0.11473222455344192 
 0.3281770023504767 , 0.17781318763325615 

0 , 0 
 0.9932119585262432 , 0.11631855157482046 
 0.3312128290558502 , 0.1794570802337643 

0 , 0 
 0.993024928972158 , 0.11790458192895077 
 0.33423567346798383 , 0.18109391017254575 

0 , 0 
 0.9928353667354601 , 0.11949031157070632 
 0.33724577087686947 , 0.18272380471687152 

0 , 0 
 0.9926432722996229 , 0.1210757364557275 
 0.34024334934217804 , 0.18434688721347656 

0 , 0 
 0.9924486461545778 , 0.122660852540432 
 0.34322863000730514 , 0.1859632772587168 

0 , 0 
 0.9922514887967135 , 0.12424565578202512 
 0.3462018273959476 , 0.18757309085925844 

0 , 0 
 0.9920518007288744 , 0.12583014213851001 
 0.34916314969239054 , 0.18917644058393776 

0 , 0 
 0.9918495824603594 , 0.12741430756869804 
 0.35211279900659304 , 0.19077343570738214 

0 , 0 
 0.9916448345069204 , 0.1289981480322191 
 0.35505097162507593 , 0.1923641823459346 

0 , 0 
 0.9914375573907617 , 0.1305816594895319 
 0.35797785824853356 , 0.19394878358638357 

0 , 0 
 0.9912277516405377 , 0.1321648379019343 
 0.36089364421702774 , 0.19552733960796054 

0 , 0 
 0.991015417791352 , 0.13374767923157355 
 0.36379850972355005 , 0.19709994779803366 

0 , 0 
 0.9908005563847566 , 0.1353301794414566 
 0.3666926300166861 , 0.19866670286189322 

0 , 0 
 0.9905831679687492 , 0.13691233449546042 
 0.3695761755930565 , 0.20022769692699616 

0 , 0 
 0.9903632530977731 , 0.13849414035834232 
 0.37244931238016443 , 0.20178301964200895 

0 , 0 
 0.9901408123327151 , 0.14007559299575023 
 0.37531220191022935 , 0.20333275827096534 

0 , 0 
 0.9899158462409042 , 0.14165668837423295 
 0.3781650014855512 , 0.20487699778283114 

0 , 0 
 0.9896883553961102 , 0.14323742246125043 
 0.38100786433590517 , 0.20641582093675012 

0 , 0 
 0.9894583403785422 , 0.1448177912251841 
 0.38384093976843564 , 0.20794930836322134 

0 , 0 
 0.9892258017748471 , 0.14639779063534716 
 0.3866643733104861 , 0.20947753864144816 

0 , 0 
 0.9889907401781083 , 0.1479774166619948 
 0.38947830684576906 , 0.2110005883730748 

0 , 0 
 0.9887531561878437 , 0.14955666527633454 
 0.39228287874425544 , 0.21251853225251802 

0 , 0 
 0.9885130504100049 , 0.1511355324505365 
 0.3950782239861367 , 0.2140314431340846 

0 , 0 
 0.9882704234569749 , 0.1527140141577436 
 0.39786447428018934 , 0.21553939209605263 

0 , 0 
 0.9880252759475672 , 0.15429210637208193 
 0.4006417581768507 , 0.21704244850188512 

0 , 0 
 0.9877776085070235 , 0.15586980506867093 
 0.40341020117629367 , 0.2185406800587305 

0 , 0 
 0.9875274217670129 , 0.1574471062236337 
 0.40616992583177053 , 0.22003415287335754 

0 , 0 
 0.9872747163656298 , 0.1590240058141073 
 0.4089210518484799 , 0.22152293150566077 

0 , 0 
 0.9870194929473922 , 0.16060049981825297 
 0.4116636961781914 , 0.2230070790198652 

0 , 0 
 0.9867617521632406 , 0.16217658421526632 
 0.41439797310985327 , 0.2244866570335506 

0 , 0 
 0.9865014946705355 , 0.16375225498538773 
 0.4171239943563889 , 0.22596172576460832 

0 , 0 
 0.9862387211330566 , 0.16532750810991242 
 0.41984186913787985 , 0.22743234407623583 

0 , 0 
 0.9859734322210003 , 0.1669023395712009 
 0.4225517042613186 , 0.22889856952007073 

0 , 0 
 0.985705628610979 , 0.16847674535268914 
 0.4252536041971046 , 0.23036045837755523 

0 , 0 
 0.985435310986018 , 0.1700507214388987 
 0.42794767115244625 , 0.2318180656996213 

0 , 0 
 0.9851624800355553 , 0.17162426381544713 
 0.43063400514182154 , 0.23327144534477842 

0 , 0 
 0.9848871364554384 , 0.1731973684690581 
 0.43331270405464345 , 0.23472065001568237 

0 , 0 
 0.9846092809479237 , 0.17477003138757172 
 0.4359838637202633 , 0.23616573129425797 

0 , 0 
 0.9843289142216738 , 0.17634224855995467 
 0.4386475779704441 , 0.23760673967544682 

0 , 0 
 0.9840460369917563 , 0.17791401597631065 
 0.4413039386994212 , 0.23904372459964338 

0 , 0 
 0.983760649979642 , 0.17948532962789027 
 0.4439530359216674 , 0.2404767344838825 

0 , 0 
 0.9834727539132022 , 0.18105618550710154 
 0.44659495782746855 , 0.24190581675183628 

0 , 0 
 0.9831823495267081 , 0.18262657960752 
 0.449229790836414 , 0.24333101786267639 

0 , 0 
 0.9828894375608281 , 0.1841965079238989 
 0.4518576196488941 , 0.24475238333885127 

0 , 0 
 0.982594018762626 , 0.18576596645217955 
 0.45447852729570226 , 0.2461699577928308 

0 , 0 
 0.982296093885559 , 0.18733495118950133 
 0.45709259518582046 , 0.24758378495286215 

0 , 0 
 0.9819956636894768 , 0.18890345813421214 
 0.4596999031524775 , 0.2489939076877834 

0 , 0 
 0.9816927289406179 , 0.19047148328587835 
 0.4623005294975519 , 0.25040036803093463 

0 , 0 
 0.981387290411609 , 0.1920390226452952 
 0.46489455103439586 , 0.25180320720320765 

0 , 0 
 0.9810793488814628 , 0.1936060722144969 
 0.46748204312914754 , 0.2532024656352697 

0 , 0 
 0.9807689051355756 , 0.19517262799676688 
 0.4700630797406011 , 0.25459818298900017 

0 , 0 
 0.9804559599657255 , 0.19673868599664798 
 0.47263773345869453 , 0.2559903981781706 

0 , 0 
 0.9801405141700706 , 0.19830424221995258 
 0.4752060755416753 , 0.2573791493884017 

0 , 0 
 0.9798225685531466 , 0.1998692926737728 
 0.4777681759520008 , 0.25876447409642744 

0 , 0 
 0.9795021239258651 , 0.2014338333664908 
 0.480324103391028 , 0.26014640908869563 

0 , 0 
 0.9791791811055112 , 0.20299786030778877 
 0.48287392533254264 , 0.26152499047933125 

0 , 0 
 0.9788537409157416 , 0.20456136950865927 
 0.4854177080551764 , 0.2629002537274899 

0 , 0 
 0.9785258041865825 , 0.20612435698141537 
 0.4879555166737596 , 0.2642722336541247 

0 , 0 
 0.9781953717544275 , 0.20768681873970074 
 0.490487415169652 , 0.26564096445819235 

0 , 0 
 0.9778624444620354 , 0.2092487507984999 
 0.4930134664200952 , 0.26700647973231784 

0 , 0 
 0.977527023158528 , 0.21081014917414828 
 0.49553373222662667 , 0.26836881247794286 

0 , 0 
 0.977189108699388 , 0.21237100988434257 
 0.4980482733425912 , 0.26972799511997386 

0 , 0 
 0.9768487019464571 , 0.21393132894815067 
 0.5005571494997906 , 0.2710840595209542 

0 , 0 
 0.9765058037679331 , 0.215491102386022 
 0.5030604194343015 , 0.27243703699477373 

0 , 0 
 0.9761604150383683 , 0.21705032621979756 
 0.5055581409114986 , 0.27378695831993743 

0 , 0 
 0.9758125366386672 , 0.21860899647272006 
 0.5080503707503135 , 0.27513385375240773 

0 , 0 
 0.9754621694560841 , 0.22016710916944413 
 0.5105371648467579 , 0.2764777530380373 

0 , 0 
 0.9751093143842207 , 0.2217246603360465 
 0.5130185781967449 , 0.2778186854246076 

0 , 0 
 0.974753972323024 , 0.2232816460000359 
 0.5154946649182287 , 0.2791566796734872 

0 , 0 
 0.9743961441787843 , 0.22483806219036354 
 0.5179654782726971 , 0.2804917640709242 

0 , 0 
 0.9740358308641323 , 0.22639390493743297 
 0.5204310706860381 , 0.28182396643898683 

0 , 0 
 0.9736730332980371 , 0.2279491702731103 
 0.522891493768804 , 0.28315331414616357 

0 , 0 
 0.973307752405804 , 0.22950385423073427 
 0.5253467983359004 , 0.2844798341176354 

0 , 0 
 0.9729399891190716 , 0.23105795284512654 
 0.5277970344257181 , 0.2858035528452324 

0 , 0 
 0.9725697443758102 , 0.23261146215260145 
 0.5302422513187336 , 0.2871244963970856 

0 , 0 
 0.9721970191203186 , 0.23416437819097663 
 0.5326824975555942 , 0.28844269042698345 

0 , 0 
 0.9718218143032225 , 0.2357166969995826 
 0.5351178209547128 , 0.2897581601834455 

0 , 0 
 0.9714441308814711 , 0.2372684146192732 
 0.5375482686293868 , 0.29107093051852045 

0 , 0 
 0.9710639698183356 , 0.23881952709243554 
 0.5399738870044632 , 0.2923810258963203 

0 , 0 
 0.9706813320834065 , 0.24037003046300018 
 0.5423947218325637 , 0.29368847040129736 

0 , 0 
 0.9702962186525904 , 0.24191992077645114 
 0.544810818209891 , 0.29499328774627404 

0 , 0 
 0.9699086305081088 , 0.24346919407983608 
 0.5472222205916294 , 0.2962955012802333 

0 , 0 
 0.9695185686384943 , 0.24501784642177632 
 0.5496289728069571 , 0.29759513399587795 

0 , 0 
 0.9691260340385891 , 0.24656587385247686 
 0.5520311180736855 , 0.2988922085369652 

0 , 0 
 0.9687310277095417 , 0.24811327242373654 
 0.5544286990125389 , 0.3001867472054251 

0 , 0 
 0.9683335506588048 , 0.24966003818895816 
 0.5568217576610901 , 0.30147877196826944 

0 , 0 
 0.9679336039001326 , 0.25120616720315836 
 0.5592103354873658 , 0.30276830446429664 

0 , 0 
 0.9675311884535784 , 0.2527516555229779 
 0.561594473403134 , 0.30405536601060107 

0 , 0 
 0.9671263053454916 , 0.25429649920669156 
 0.5639742117768868 , 0.3053399776088909 

0 , 0 
 0.9667189556085154 , 0.25584069431421824 
 0.5663495904465314 , 0.30662215995162223 

0 , 0 
 0.9663091402815839 , 0.2573842369071311 
 0.5687206487318014 , 0.3079019334279532 

0 , 0 
 0.9658968604099198 , 0.2589271230486674 
 0.5710874254463996 , 0.30917931812952604 

0 , 0 
 0.9654821170450317 , 0.26046934880373873 
 0.5734499589098839 , 0.31045433385607996 

0 , 0 
 0.9650649112447108 , 0.2620109102389409 
 0.5758082869593082 , 0.3117270001209007 

0 , 0 
 0.9646452440730292 , 0.26355180342256423 
 0.5781624469606277 , 0.31299733615611236 

0 , 0 
 0.9642231166003362 , 0.2650920244246032 
 0.580512475819881 , 0.31426536091781604 

0 , 0 
 0.9637985299032564 , 0.26663156931676674 
 0.5828584099941573 , 0.31553109309107774 

0 , 0 
 0.9633714850646863 , 0.26817043417248826 
 0.5852002855023604 , 0.3167945510947733 

0 , 0 
 0.9629419831737921 , 0.26970861506693544 
 0.587538137935779 , 0.3180557530862917 

0 , 0 
 0.9625100253260063 , 0.2712461080770205 
 0.5898720024684716 , 0.3193147169661018 

0 , 0 
 0.9620756126230257 , 0.27278290928140997 
 0.5922019138674778 , 0.3205714603821871 

0 , 0 
 0.9616387461728075 , 0.27431901476053494 
 0.5945279065028629 , 0.3218260007343498 

0 , 0 
 0.961199427089568 , 0.275854420596601 
 0.5968500143576073 , 0.3230783551783913 

0 , 0 
 0.9607576564937779 , 0.27738912287359785 
 0.5991682710373473 , 0.32432854063016964 

0 , 0 
 0.9603134355121611 , 0.2789231176773099 
 0.6014827097799789 , 0.3255765737695385 

0 , 0 
 0.9598667652776909 , 0.2804564010953257 
 0.6037933634651307 , 0.3268224710441703 

0 , 0 
 0.9594176469295874 , 0.2819889692170485 
 0.6061002646235156 , 0.3280662486732668 

0 , 0 
 0.9589660816133145 , 0.28352081813370555 
 0.608403445446172 , 0.32930792265116077 

0 , 0 
 0.9585120704805771 , 0.28505194393835864 
 0.6107029377935997 , 0.3305475087508107 

0 , 0 
 0.958055614689318 , 0.28658234272591376 
 0.6129987732048009 , 0.3317850225271903 

0 , 0 
 0.957596715403715 , 0.288112010593131 
 0.6152909829062352 , 0.33302047932057804 

0 , 0 
 0.9571353737941781 , 0.289640943638635 
 0.6175795978206956 , 0.3342538942597463 

0 , 0 
 0.9566715910373463 , 0.29116913796292415 
 0.6198646485761165 , 0.335485282265055 

0 , 0 
 0.9562053683160848 , 0.2926965896683811 
 0.622146165514319 , 0.33671465805144934 

0 , 0 
 0.9557367068194815 , 0.2942232948592826 
 0.6244241786997051 , 0.3379420361313665 

0 , 0 
 0.9552656077428449 , 0.2957492496418093 
 0.6266987179279083 , 0.33916743081755046 

0 , 0 
 0.9547920722876999 , 0.29727445012405573 
 0.6289698127344093 , 0.34039085622577997 

0 , 0 
 0.9543161016617857 , 0.29879889241604024 
 0.6312374924031268 , 0.3416123262775077 

0 , 0 
 0.9538376970790521 , 0.3003225726297149 
 0.6335017859749891 , 0.34283185470241606 

0 , 0 
 0.953356859759657 , 0.3018454868789755 
 0.6357627222565033 , 0.3440494550408882 

0 , 0 
 0.9528735909299624 , 0.3033676312796713 
 0.6380203298283218 , 0.34526514064639724 

0 , 0 
 0.9523878918225324 , 0.30488900194961527 
 0.6402746370538233 , 0.34647892468781455 

0 , 0 
 0.9518997636761287 , 0.30640959500859344 
 0.6425256720877158 , 0.34769082015163766 

0 , 0 
 0.951409207735709 , 0.3079294065783754 
 0.6447734628846705 , 0.3489008398441397 

0 , 0 
 0.9509162252524226 , 0.3094484327827237 
 0.6470180372079998 , 0.3501089963934414 

0 , 0 
 0.9504208174836076 , 0.310966669747404 
 0.6492594226383884 , 0.3513153022515045 

0 , 0 
 0.9499229856927879 , 0.312484113600195 
 0.6514976465826898 , 0.3525197696960496 

0 , 0 
 0.9494227311496696 , 0.31400076047089814 
 0.6537327362827998 , 0.35372241083239786 

0 , 0 
 0.948920055130138 , 0.31551660649134744 
 0.6559647188246189 , 0.35492323759523536 

0 , 0 
 0.9484149589162546 , 0.31703164779541965 
 0.6581936211471177 , 0.35612226175030326 

0 , 0 
 0.9479074437962532 , 0.31854588051904376 
 0.6604194700515162 , 0.35731949489601067 

0 , 0 
 0.9473975110645373 , 0.3200593008002111 
 0.6626422922105958 , 0.35851494846497245 

0 , 0 
 0.9468851620216758 , 0.3215719047789851 
 0.6648621141781516 , 0.35970863372546946 

0 , 0 
 0.9463703979744011 , 0.32308368859751124 
 0.6670789623986094 , 0.36090056178283225 

0 , 0 
 0.9458532202356046 , 0.32459464840002666 
 0.6692928632168155 , 0.36209074358074567 

0 , 0 
 0.9453336301243337 , 0.3261047803328701 
 0.6715038428880221 , 0.36327918990247543 

0 , 0 
 0.9448116289657886 , 0.327614080544492 
 0.6737119275880852 , 0.36446591137201334 

0 , 0 
 0.9442872180913191 , 0.3291225451854637 
 0.6759171434238933 , 0.3656509184551405 

0 , 0 
 0.9437603988384203 , 0.330630170408488 
 0.6781195164440499 , 0.36683422146040684 

0 , 0 
 0.9432311725507303 , 0.33213695236840857 
 0.6803190726498293 , 0.3680158305400248 

0 , 0 
 0.942699540578026 , 0.3336428872222195 
 0.6825158380064316 , 0.369195755690674 

0 , 0 
 0.9421655042762201 , 0.33514797112907574 
 0.6847098384545595 , 0.37037400675421506 

0 , 0 
 0.9416290650073575 , 0.33665220025030235 
 0.6869010999223469 , 0.3715505934183092 

0 , 0 
 0.9410902241396116 , 0.3381555707494046 
 0.6890896483376635 , 0.3727255252169401 

0 , 0 
 0.9405489830472812 , 0.3396580787920776 
 0.6912755096408303 , 0.3738988115308342 

0 , 0 
 0.9400053431107867 , 0.3411597205462161 
 0.6934587097977774 , 0.3750704615877751 

0 , 0 
 0.9394593057166666 , 0.34266049218192446 
 0.6956392748136776 , 0.3762404844628076 

0 , 0 
 0.9389108722575744 , 0.34416038987152603 
 0.6978172307470975 , 0.37740888907832604 

0 , 0 
 0.9383600441322744 , 0.3456594097895733 
 0.6999926037247024 , 0.37857568420404036 

0 , 0 
 0.9378068227456383 , 0.34715754811285743 
 0.7021654199565656 , 0.37974087845681576 

0 , 0 
 0.9372512095086422 , 0.348654801020418 
 0.7043357057521212 , 0.3809044803003758 

0 , 0 
 0.9366932058383621 , 0.35015116469355306 
 0.7065034875368204 , 0.3820664980448649 

0 , 0 
 0.9361328131579711 , 0.35164663531582824 
 0.7086687918695411 , 0.3832269398462577 

0 , 0 
 0.9355700328967351 , 0.35314120907308727 
 0.7108316454608145 , 0.38438581370561054 

0 , 0 
 0.9350048664900097 , 0.35463488215346095 
 0.7129920751919315 , 0.38554312746814107 

0 , 0 
 0.934437315379236 , 0.35612765074737757 
 0.715150108135002 , 0.38669888882212744 

0 , 0 
 0.9338673810119377 , 0.357619511047572 
 0.717305771574044 , 0.38785310529761297 

0 , 0 
 0.9332950648417163 , 0.35911045924909585 
 0.719459093027184 , 0.3890057842649046 

0 , 0 
 0.9327203683282486 , 0.360600491549327 
 0.7216101002700663 , 0.3901569329328499 

0 , 0 
 0.932143292937282 , 0.36208960414797925 
 0.7237588213605625 , 0.391306558346875 

0 , 0 
 0.9315638401406315 , 0.36357779324711215 
 0.7259052846648981 , 0.39245466738676876 

0 , 0 
 0.9309820114161754 , 0.36506505505114045 
 0.7280495188853118 , 0.3936012667641905 

0 , 0 
 0.9303978082478517 , 0.36655138576684426 
 0.7301915530893759 , 0.3947463630198808 

0 , 0 
 0.9298112321256543 , 0.3680367816033781 
 0.732331416741128 , 0.3958899625205538 

0 , 0 
 0.9292222845456296 , 0.36952123877228094 
 0.7344691397341632 , 0.3970320714554416 

0 , 0 
 0.9286309670098719 , 0.37100475348748585 
 0.7366047524268651 , 0.3981726958324638 

0 , 0 
 0.9280372810265204 , 0.37248732196532963 
 0.7387382856799637 , 0.39931184147398907 

0 , 0 
 0.9274412281097547 , 0.3739689404245624 
 0.7408697708966295 , 0.40044951401215495 

0 , 0 
 0.9268428097797913 , 0.37544960508635716 
 0.742999240065337 , 0.4015857188837055 

0 , 0 
 0.9262420275628795 , 0.37692931217431974 
 0.7451267258057516 , 0.40272046132430284 

0 , 0 
 0.9256388829912979 , 0.3784080579144981 
 0.747252261417926 , 0.4038537463622658 

0 , 0 
 0.92503337760335 , 0.3798858385353922 
 0.7493758809351166 , 0.4049855788116796 

0 , 0 
 0.9244255129433604 , 0.38136265026796334 
 0.7514976191805721 , 0.4061159632648178 

0 , 0 
 0.9238152905616713 , 0.3828384893456441 
 0.7536175118286831 , 0.4072449040838091 

0 , 0 
 0.9232027120146378 , 0.38431335200434774 
 0.7557355954709228 , 0.4083724053914731 

0 , 0 
 0.9225877788646247 , 0.38578723448247787 
 0.7578519076870657 , 0.4094984710612413 

0 , 0 
 0.9219704926800019 , 0.387260133020938 
 0.7599664871222217 , 0.41062310470606705 

0 , 0 
 0.9213508550351408 , 0.3887320438631411 
 0.7620793735702962 , 0.41174630966621945 

0 , 0 
 0.9207288675104099 , 0.39020296325501924 
 0.764190608064552 , 0.41286808899583954 

0 , 0 
 0.9201045316921715 , 0.39167288744503337 
 0.7663002329760419 , 0.41398844544812224 

0 , 0 
 0.9194778491727766 , 0.39314181268418236 
 0.7684082921207745 , 0.4151073814589707 

0 , 0 
 0.9188488215505617 , 0.39460973522601306 
 0.7705148308765897 , 0.4162248991289465 

0 , 0 
 0.9182174504298443 , 0.3960766513266296 
 0.7726198963108445 , 0.4173410002033176 

0 , 0 
 0.9175837374209189 , 0.3975425572447031 
 0.7747235373201699 , 0.4184556860499748 

0 , 0 
 0.9169476841400532 , 0.39900744924148107 
 0.7768258047837182 , 0.4195689576349572 

0 , 0 
 0.9163092922094835 , 0.4004713235807969 
 0.7789267517315335 , 0.4206808154952886 

0 , 0 
 0.9156685632574106 , 0.40193417652907965 
 0.7810264335298998 , 0.4217912597087789 

0 , 0 
 0.9150254989179961 , 0.4033960043553634 
 0.783124908085806 , 0.42290028986039757 

0 , 0 
 0.9143801008313577 , 0.4048568033312966 
 0.785222236072976 , 0.4240079050047587 

0 , 0 
 0.9137323706435654 , 0.40631656973115193 
 0.7873184811822914 , 0.4251141036241861 

0 , 0 
 0.9130823100066371 , 0.4077752998318356 
 0.7894137103998817 , 0.4262188835817412 

0 , 0 
 0.9124299205785346 , 0.40923298991289675 
 0.7915079943166713 , 0.4273222420684874 

0 , 0 
 0.9117752040231589 , 0.4106896362565372 
 0.7936014074738047 , 0.42842417554414747 

0 , 0 
 0.9111181620103467 , 0.41214523514762075 
 0.7956940287491072 , 0.429524679670154 

0 , 0 
 0.9104587962158653 , 0.4135997828736827 
 0.7977859417906333 , 0.430623749233917 

0 , 0 
 0.9097971083214089 , 0.4150532757249393 
 0.7998772355044158 , 0.43172137806291117 

0 , 0 
 0.9091331000145944 , 0.4165057099942972 
 0.8019680046048306 , 0.43281755892692136 

0 , 0 
 0.9084667729889563 , 0.417957081977363 
 0.8040583502375527 , 0.4339122834264559 

0 , 0 
 0.9077981289439435 , 0.41940738797245264 
 0.8061483806869885 , 0.4350055418649377 

0 , 0 
 0.907127169584914 , 0.4208566242806007 
 0.8082382121824221 , 0.43609732310178617 

0 , 0 
 0.9064538966231311 , 0.42230478720557024 
 0.8103279698199898 , 0.43718761438288267 

0 , 0 
 0.905778311775759 , 0.42375187305386164 
 0.8124177886211854 , 0.43827640114413874 

0 , 0 
 0.905100416765858 , 0.4251978781347225 
 0.8145078147530607 , 0.4393636667829117 

0 , 0 
 0.9044202133223805 , 0.4266427987601568 
 0.8165982069408916 , 0.44044939239076875 

0 , 0 
 0.9037377031801669 , 0.42808663124493457 
 0.8186891381111644 , 0.44153355643951864 

0 , 0 
 0.9030528880799401 , 0.42952937190660095 
 0.8207807973117571 , 0.4426161344103867 

0 , 0 
 0.9023657697683023 , 0.4309710170654858 
 0.8228733919677631 , 0.4436970983535536 

0 , 0 
 0.9016763499977296 , 0.43241156304471295 
 0.8249671505463722 , 0.4447764163617992 

0 , 0 
 0.9009846305265682 , 0.43385100617020983 
 0.8270623257237655 , 0.4458540519373867 

0 , 0 
 0.9002906131190294 , 0.4352893427707164 
 0.8291591981727199 , 0.4469299632251603 

0 , 0 
 0.8995942995451852 , 0.4367265691777952 
 0.8312580811238808 , 0.44800410207650626 

0 , 0 
 0.8988956915809645 , 0.4381626817258399 
 0.8333593258997695 , 0.44907641289743305 

0 , 0 
 0.8981947910081473 , 0.4395976767520851 
 0.8354633286833743 , 0.4501468312182406 

0 , 0 
 0.8974915996143611 , 0.4410315505966158 
 0.8375705388697787 , 0.4512152819000711 

0 , 0 
 0.8967861191930764 , 0.4424642996023764 
 0.8396814694704218 , 0.45228167686199555 

0 , 0 
 0.8960783515436012 , 0.4438959201151801 
 0.8417967102116526 , 0.4533459121664011 

0 , 0 
 0.8953682984710774 , 0.44532640848371846 
 0.8439169442177824 , 0.45440786423267 

0 , 0 
 0.8946559617864758 , 0.4467557610595705 
 0.8460429695345569 , 0.4554673848470045 

0 , 0 
 0.8939413433065913 , 0.44818397419721195 
 0.8481757272982697 , 0.4565242944788528 

0 , 0 
 0.8932244448540386 , 0.44961104425402476 
 0.8503163391999057 , 0.45757837316572914 

0 , 0 
 0.8925052682572474 , 0.45103696759030615 
 0.8524661582247852 , 0.4586293478241872 

0 , 0 
 0.8917838153504577 , 0.4524617405692781 
 0.8546268388090723 , 0.4596768741670702 

0 , 0 
 0.8910600879737152 , 0.45388535955709663 
 0.8568004361808754 , 0.460720510228633 

0 , 0 
 0.8903340879728665 , 0.4553078209228609 
 0.8589895509769877 , 0.4617596763617161 

0 , 0 
 0.8896058171995547 , 0.4567291210386224 
 0.8611975467559506 , 0.462793592499881 

0 , 0 
 0.888875277511214 , 0.4581492562793946 
 0.8634288901920693 , 0.46382117525804106 

0 , 0 
 0.8881424707710658 , 0.45956822302316186 
 0.8656897091429598 , 0.4648408596422765 

0 , 0 
 0.8874073988481134 , 0.4609860176508887 
 0.8679887643976122 , 0.4658502680751058 

0 , 0 
 0.8866700636171374 , 0.4624026365465292 
 0.8703392771258135 , 0.46684553839657283 

0 , 0 
 0.8859304669586909 , 0.463818076097036 
 0.8727627407401283 , 0.46781978276642594 

0 , 0 
 0.8851886107590948 , 0.46523233269236974 
 0.8752981441781377 , 0.4687588684084383 

0 , 0 
 0.8844444969104327 , 0.466645402725508 
 0.8780302035460602 , 0.4696259893742995 

0 , 0 
 0.8836981273105465 , 0.4680572825924548 
 0.8812254331311056 , 0.47025732586136954 

0 , 0 
 0.8829495038630312 , 0.4694679686922496 
 0.8840228012278678 , 0.4677289361819421 

0 , 0 
 0.8821986284772301 , 0.4708774574269765 
 0.8825297820347949 , 0.4647484441992455 

0 , 0 
 0.8814455030682302 , 0.4722857452017736 
 0.8809303317560959 , 0.4624635223486279 

0 , 0 
 0.880690129556857 , 0.47369282842484167 
 0.8793361120717484 , 0.46041184963344983 

0 , 0 
 0.8799325098696696 , 0.47509870350745403 
 0.8777511042807841 , 0.45848207509676797 

0 , 0 
 0.8791726459389564 , 0.4765033668639651 
 0.8761736757995817 , 0.4566281942807946 

0 , 0 
 0.878410539702729 , 0.47790681491181985 
 0.8746020108951342 , 0.45482637124400505 

0 , 0 
 0.8776461931047184 , 0.4793090440715629 
 0.8730346547752798 , 0.4530625411215519 

0 , 0 
 0.8768796080943694 , 0.48071005076684753 
 0.8714704924257324 , 0.4513276630469893 

0 , 0 
 0.876110786626836 , 0.4821098314244449 
 0.8699086671331032 , 0.4496155600577781 

0 , 0 
 0.8753397306629759 , 0.48350838247425326 
 0.8683485114644306 , 0.44792181395801267 

0 , 0 
 0.8745664421693462 , 0.4849057003493067 
 0.8667894969128622 , 0.4462431494301858 

0 , 0 
 0.8737909231181977 , 0.48630178148578473 
 0.8652311982281348 , 0.4445770675806952 

0 , 0 
 0.8730131754874704 , 0.48769662232302097 
 0.8636732681040958 , 0.44292161628988275 

0 , 0 
 0.8722332012607878 , 0.48909021930351254 
 0.8621154190013792 , 0.4412752400928767 

0 , 0 
 0.871451002427453 , 0.4904825688729288 
 0.8605574098961501 , 0.43963667854999644 

0 , 0 
 0.8706665809824422 , 0.49187366748012074 
 0.85899903646818 , 0.4380048953787031 

0 , 0 
 0.8698799389264008 , 0.4932635115771298 
 0.8574401237250566 , 0.4363790277686455 

0 , 0 
 0.8690910782656375 , 0.494652097619197 
 0.8558805203783459 , 0.4347583493276769 

0 , 0 
 0.8683000010121195 , 0.49603942206477225 
 0.8543200944986202 , 0.4331422424680154 

0 , 0 
 0.8675067091834676 , 0.4974254813755227 
 0.8527587301173989 , 0.431530177475904 

0 , 0 
 0.8667112048029506 , 0.4988102720163427 
 0.8511963245396473 , 0.429921696406297 

0 , 0 
 0.8659134898994805 , 0.5001937904553617 
 0.8496327861961657 , 0.4283164005219629 

0 , 0 
 0.865113566507607 , 0.5015760331639544 
 0.8480680329109755 , 0.42671394037719795 

0 , 0 
 0.8643114366675126 , 0.5029569966167489 
 0.8465019904911448 , 0.4251140079027368 

0 , 0 
 0.8635071024250073 , 0.5043366772916362 
 0.844934591569662 , 0.42351633002443084 

0 , 0 
 0.8627005658315233 , 0.5057150716697788 
 0.843365774648743 , 0.42192066347119656 

0 , 0 
 0.8618918289441099 , 0.5070921762356202 
 0.8417954833032794 , 0.420326790514978 

0 , 0 
 0.8610808938254281 , 0.5084679874768929 
 0.8402236655132636 , 0.41873451544829265 

0 , 0 
 0.8602677625437456 , 0.5098425018846289 
 0.838650273100879 , 0.4171436616507749 

0 , 0 
 0.8594524371729312 , 0.5112157159531667 
 0.8370752612531199 , 0.41555406913000326 

0 , 0 
 0.8586349197924497 , 0.5125876261801621 
 0.8354985881147693 , 0.41396559244720227 

0 , 0 
 0.8578152124873564 , 0.513958229066596 
 0.8339202144396082 , 0.41237809895752353 

0 , 0 
 0.8569933173482924 , 0.5153275211167836 
 0.8323401032901018 , 0.4107914673091768 

0 , 0 
 0.8561692364714782 , 0.5166954988383834 
 0.8307582197776666 , 0.40920558615690017 

0 , 0 
 0.8553429719587097 , 0.518062158742406 
 0.8291745308370732 , 0.40762035305395433 

0 , 0 
 0.8545145259173513 , 0.5194274973432234 
 0.8275890050297158 , 0.40603567349363734 

0 , 0 
 0.8536839004603319 , 0.5207915111585769 
 0.8260016123713964 , 0.404451460076678 

0 , 0 
 0.8528510977061386 , 0.5221541967095873 
 0.8244123241810182 , 0.402867631785125 

0 , 0 
 0.8520161197788121 , 0.5235155505207625 
 0.8228211129471933 , 0.4012841133467533 

0 , 0 
 0.8511789688079401 , 0.5248755691200074 
 0.8212279522102529 , 0.3997008346767379 

0 , 0 
 0.8503396469286533 , 0.5262342490386323 
 0.8196328164575486 , 0.3981177303855661 

0 , 0 
 0.8494981562816188 , 0.5275915868113614 
 0.8180356810302714 , 0.3965347393439507 

0 , 0 
 0.8486544990130352 , 0.5289475789763426 
 0.8164365220402736 , 0.39495180429698173 

0 , 0 
 0.8478086772746272 , 0.5303022220751551 
 0.8148353162956178 , 0.3933688715209608 

0 , 0 
 0.8469606932236394 , 0.5316555126528193 
 0.8132320412337524 , 0.3917858905173612 

0 , 0 
 0.8461105490228321 , 0.5330074472578049 
 0.81162667486138 , 0.3902028137391856 

0 , 0 
 0.8452582468404742 , 0.5343580224420402 
 0.8100191957002096 , 0.3886195963456794 

0 , 0 
 0.8444037888503391 , 0.5357072347609204 
 0.808409582737899 , 0.38703619598193856 

0 , 0 
 0.8435471772316981 , 0.5370550807733171 
 0.8067978153835829 , 0.38545257258043264 

0 , 0 
 0.8426884141693155 , 0.5384015570415859 
 0.8051838734274687 , 0.383868688181872 

0 , 0 
 0.8418275018534428 , 0.5397466601315767 
 0.8035677370040426 , 0.3822845067731973 

0 , 0 
 0.840964442479813 , 0.5410903866126411 
 0.8019493865584905 , 0.3806999941407566 

0 , 0 
 0.840099238249635 , 0.542432733057642 
 0.8003288028159872 , 0.3791151177369914 

0 , 0 
 0.8392318913695885 , 0.5437736960429617 
 0.7987059667535492 , 0.37752984655916216 

0 , 0 
 0.8383624040518176 , 0.5451132721485112 
 0.7970808595741851 , 0.37594415103883033 

0 , 0 
 0.8374907785139256 , 0.5464514579577391 
 0.7954534626831046 , 0.37435800294096766 

0 , 0 
 0.8366170169789696 , 0.5477882500576391 
 0.793823757665782 , 0.37277137527170334 

0 , 0 
 0.8357411216754538 , 0.5491236450387602 
 0.7921917262676869 , 0.3711842421938324 

0 , 0 
 0.8348630948373253 , 0.5504576394952141 
 0.7905573503755181 , 0.36959657894931497 

0 , 0 
 0.8339829387039671 , 0.5517902300246853 
 0.7889206119997991 , 0.36800836178808183 

0 , 0 
 0.8331006555201931 , 0.5531214132284381 
 0.7872814932587006 , 0.36641956790253755 

0 , 0 
 0.8322162475362421 , 0.5544511857113268 
 0.7856399763629774 , 0.3648301753672231 

0 , 0 
 0.8313297170077724 , 0.5557795440818033 
 0.7839960436019161 , 0.3632401630831569 

0 , 0 
 0.8304410661958553 , 0.5571064849519265 
 0.7823496773302001 , 0.3616495107264237 

0 , 0 
 0.8295502973669703 , 0.5584320049373702 
 0.7807008599556078 , 0.36005819870062833 

0 , 0 
 0.8286574127929986 , 0.5597561006574325 
 0.779049573927472 , 0.35846620809286966 

0 , 0 
 0.8277624147512177 , 0.561078768735044 
 0.7773958017258301 , 0.3568735206329263 

0 , 0 
 0.8268653055242953 , 0.5624000057967762 
 0.7757395258512065 , 0.3552801186553769 

0 , 0 
 0.8259660874002834 , 0.5637198084728505 
 0.7740807288149704 , 0.3536859850644044 

0 , 0 
 0.8250647626726135 , 0.5650381733971467 
 0.7724193931302203 , 0.3520911033010592 

0 , 0 
 0.8241613336400889 , 0.5663550972072116 
 0.7707555013031522 , 0.35049545731277815 

0 , 0 
 0.8232558026068806 , 0.5676705765442673 
 0.7690890358248637 , 0.34889903152497465 

0 , 0 
 0.8223481718825203 , 0.5689846080532204 
 0.7674199791635664 , 0.3473018108145334 

0 , 0 
 0.8214384437818952 , 0.5702971883826696 
 0.7657483137571651 , 0.3457037804850587 

0 , 0 
 0.8205266206252416 , 0.5716083141849153 
 0.7640740220061749 , 0.34410492624373845 

0 , 0 
 0.8196127047381393 , 0.5729179821159672 
 0.7623970862669515 , 0.3425052341797003 

0 , 0 
 0.8186966984515053 , 0.5742261888355538 
 0.760717488845201 , 0.3409046907437434 

0 , 0 
 0.8177786041015885 , 0.5755329310071297 
 0.7590352119897573 , 0.33930328272934646 

0 , 0 
 0.8168584240299631 , 0.5768382052978851 
 0.7573502378865911 , 0.3377009972548519 

0 , 0 
 0.8159361605835228 , 0.5781420083787544 
 0.7556625486530427 , 0.33609782174674485 

0 , 0 
 0.8150118161144752 , 0.5794443369244237 
 0.7539721263322556 , 0.3344937439239445 

0 , 0 
 0.814085392980335 , 0.58074518761334 
 0.75227895288779 , 0.3328887517830364 

0 , 0 
 0.8131568935439191 , 0.5820445571277197 
 0.7505830101984097 , 0.3312828335843799 

0 , 0 
 0.8122263201733395 , 0.5833424421535569 
 0.7488842800530182 , 0.3296759778390277 

0 , 0 
 0.8112936752419978 , 0.5846388393806314 
 0.7471827441457388 , 0.32806817329640414 

0 , 0 
 0.8103589611285792 , 0.5859337455025183 
 0.74547838407112 , 0.32645940893268827 

0 , 0 
 0.809422180217046 , 0.5872271572165951 
 0.7437711813194594 , 0.3248496739398559 

0 , 0 
 0.8084833348966323 , 0.5885190712240513 
 0.7420611172722337 , 0.32323895771533623 

0 , 0 
 0.8075424275618369 , 0.5898094842298955 
 0.7403481731976227 , 0.32162724985224234 

0 , 0 
 0.8065994606124179 , 0.5910983929429655 
 0.7386323302461226 , 0.32001454013013886 

0 , 0 
 0.8056544364533865 , 0.5923857940759351 
 0.7369135694462362 , 0.318400818506313 

0 , 0 
 0.8047073574950009 , 0.593671684345323 
 0.7351918717002331 , 0.3167860751075153 

0 , 0 
 0.8037582261527593 , 0.5949560604715023 
 0.7334672177799728 , 0.31517030022214215 

